387.82
143.84
398.67
119.14
394.33
115.31
399.11
194.30
184.89
250.89
155.35
128.78
222.13
361.03
228.95
411.03
378.07
320.56
398.70
373.26
294.92
102.99
193.56
212.34
369.34
176.33
210.25
238.62
177.11
392.70
271.99
284.10
286.10
176.07
215.07
216.61
283.67
110.13
363.25
273.02
103.98
170.07
209.15
319.69
116.81
101.57
390.50
160.55
313.80
246.78
380.56
332.16
134.29
384.42
338.29
294.15
396.75
277.66
106.48
370.44
117.14
229.13
252.44
147.31
381.46
334.38
254.94
366.82
387.06
396.02
252.15
288.17
126.35
402.10
223.14
347.66
140.34
297.92
288.94
203.20
218.71
227.41
231.46
142.60
288.81
386.69
181.24
233.55
144.95
264.51
168.07
268.51
345.65
156.45
266.41
303.10
297.70
187.91
323.76
273.08
908.13
1212.24
948.01
1323.07
1172.40
790.99
1095.22
1189.31
914.01
1091.45
862.67
1051.18
1169.82
1211.85
1201.67
1147.68
835.15
856.63
1043.45
875.54
1290.61
1249.18
968.03
1146.16
884.06
1271.38
769.51
907.88
772.15
832.80
1154.63
1034.19
1063.83
858.70
1098.06
765.90
945.98
1141.27
1153.79
986.85
885.81
964.91
1125.45
784.23
1064.94
1140.48
1307.68
1240.62
865.77
1143.55
864.21
1222.42
1075.82
1170.96
1027.55
908.40
1166.95
1013.70
788.66
852.85
1086.73
662.41
1116.24
981.76
1162.63
1131.96
744.48
863.18
1290.43
539.53
738.11
880.08
951.16
964.37
1023.59
1137.47
1229.63
895.11
709.07
872.59
1199.41
1036.37
930.71
1304.49
1082.92
884.08
908.94
868.07
949.52
1170.99
1085.88
1085.85
1028.98
656.04
606.81
1128.40
1046.39
659.81
675.11
986.81
1664.01
1446.24
1741.80
1326.71
1420.36
1864.18
1453.63
1171.32
1213.21
1691.99
1502.15
1481.56
1477.14
1437.28
1668.05
1704.50
1461.53
1492.24
1467.71
1568.22
1241.31
1636.03
1841.64
1706.80
1713.94
1231.42
1484.47
1524.69
1423.57
1691.15
879.40
1502.88
1354.45
1526.84
1118.64
1685.41
1312.59
1503.82
1612.54
1507.92
1463.97
1404.68
1077.59
1464.89
1571.29
1659.72
1604.91
1841.49
1474.75
1738.53
1390.84
1313.45
1663.96
1460.35
1720.34
1358.79
1383.39
1061.09
1562.81
1505.27
1391.58
1625.77
1813.36
1386.86
1502.91
1698.56
1708.95
1352.24
1680.19
1818.33
1625.04
1731.64
1410.72
1169.54
1028.45
1347.24
1837.77
1416.90
1431.34
1202.97
1721.98
1302.20
1623.95
1723.50
1510.35
1659.81
1711.47
1266.58
1753.36
1261.56
1674.61
1586.01
1706.51
1731.57
1283.28
1249.01
1395.00
1875.12
1498.64
1694.23
1346.36
975.97
1351.62
833.02
943.82
835.27
719.58
1243.44
1042.43
1341.66
1106.15
1018.39
1041.64
973.88
950.12
957.60
1081.72
671.84
948.17
787.38
1233.39
852.28
850.18
1077.65
1130.63
953.14
1207.68
1293.93
762.10
990.80
512.25
613.42
680.64
1426.72
1043.29
774.96
812.68
624.06
928.01
1110.01
606.21
818.94
1038.11
1342.48
962.02
989.76
1082.29
604.22
919.50
1141.04
1388.70
1056.48
672.80
1137.73
739.93
675.99
1122.88
1037.42
585.84
648.86
799.43
923.15
1380.67
1080.38
555.33
1267.23
1203.90
964.09
683.24
971.99
1057.16
890.60
1053.62
989.36
1110.88
1148.45
1110.63
601.52
711.96
1307.61
738.69
951.51
1315.81
617.81
1163.11
913.04
1423.06
497.06
896.75
1126.88
657.40
933.19
875.33
1001.79
1419.88
1161.05
1078.26
941.86
1156.19
1309.05
1400.17
675.65
1259.67
1328.82
868.37
659.38
1300.45
936.35
716.91
1430.27
665.96
1010.63
1073.12
985.55
1078.29
695.70
1519.50
482.10
1412.20
452.15
1089.50
654.89
852.92
957.30
944.09
989.04
1360.27
874.27
446.59
1489.35
527.59
727.70
1232.05
1031.82
766.93
1555.42
869.65
937.45
995.15
954.52
1062.00
1198.70
695.27
709.79
683.59
1374.25
524.65
995.43
1499.85
639.31
394.37
365.52
419.27
729.20
1001.11
741.50
929.55
811.82
578.22
585.16
976.06
952.95
863.24
814.74
1146.42
645.58
1011.43
996.68
1054.43
453.59
684.87
801.75
954.88
855.48
858.39
1006.86
978.71
1133.11
1039.20
563.59
718.78
810.55
355.64
504.30
966.57
684.69
1176.18
950.17
709.52
1177.56
572.86
502.20
623.24
797.25
605.25
470.45
958.20
840.20
983.88
829.21
955.93
929.16
632.65
311.14
966.45
302.83
873.36
579.10
924.36
584.25
866.96
694.25
727.83
546.35
322.24
892.44
776.95
1081.20
887.45
598.63
1063.38
842.13
1034.41
552.28
652.65
535.60
600.10
684.58
1042.00
516.23
738.25
946.97
748.54
664.90
392.70
686.18
1157.31
374.03
1042.86
584.97
756.95
880.07
803.54
250.94
585.67
535.49
973.72
1092.88
567.68
862.44
1138.31
971.92
1062.92
1340.64
956.96
609.53
899.13
998.98
1114.78
1067.32
1093.39
1067.30
1246.98
842.99
1095.29
973.94
840.26
768.97
1216.80
1309.06
806.46
729.68
990.79
1414.07
1088.16
982.88
1257.85
899.97
1213.79
744.95
864.72
983.55
787.13
693.84
1140.72
1154.18
1313.35
1206.50
900.92
1293.73
1312.28
1265.14
1256.62
1353.11
1017.72
1112.77
1078.96
1270.31
901.60
972.55
1260.88
926.57
1429.04
1040.86
751.82
1081.50
976.90
716.01
874.40
1163.96
1093.97
1165.36
906.71
1366.93
1080.21
1059.66
890.17
1014.65
1206.70
772.25
1408.08
586.74
1023.56
604.18
1093.41
1019.10
1345.12
900.79
1407.06
847.57
919.79
915.68
932.64
1143.16
1213.06
820.75
1257.43
1052.87
954.30
1292.48
629.71
1078.32
924.01
1254.65
1303.06
910.74
751.53
1246.24
1103.77
911.68
1484.85
1500.54
1700.77
1567.85
1413.73
1772.02
1634.93
1514.61
1474.92
1510.50
1643.53
1605.14
1477.26
1541.24
1643.72
1726.96
1578.47
1638.91
1620.69
1555.89
1523.14
1605.64
1460.23
1511.74
1619.14
1430.45
1495.82
1549.26
1330.95
1552.40
1617.38
1617.98
1615.27
1509.96
1504.64
1642.01
1471.25
1736.54
1699.99
1324.89
1557.16
1724.43
1488.96
1538.29
1585.47
1647.11
1477.44
1642.60
1721.19
1582.08
1495.84
1523.57
1425.99
1447.31
1745.27
1582.56
1479.71
1516.52
1484.82
1410.75
1433.15
1495.89
1454.43
1510.87
1515.06
1585.96
1486.98
1385.35
1639.47
1474.49
1677.52
1503.39
1462.98
1536.95
1664.38
1556.64
1547.52
1524.02
1749.76
1481.42
1610.21
1426.65
1657.32
1690.83
1478.90
1487.72
1549.65
1450.60
1466.52
1508.08
1493.09
1567.19
1715.39
1620.01
1677.78
1684.57
1552.10
1462.64
1436.79
1527.74
1365.48
738.04
1172.67
1928.55
948.63
758.67
1341.17
1383.94
610.57
1574.57
1882.90
1196.39
1793.49
1584.67
1315.28
1914.95
1535.89
1564.68
1931.96
1733.07
1010.57
1947.77
1715.13
1747.32
1565.53
1371.07
1209.32
1102.64
1865.01
1437.57
1920.53
1274.27
1735.95
614.11
1236.23
1753.89
917.14
1805.15
1549.26
455.66
1645.55
1593.59
1480.85
655.36
956.74
1581.85
2064.79
726.34
1702.94
1603.03
1471.69
1146.34
1579.42
1848.65
1535.42
1386.73
1442.02
1494.91
891.75
2132.77
1460.12
1284.16
423.15
109.08
1266.12
730.59
1443.42
1845.60
1392.92
1077.46
1609.04
1138.21
1053.20
524.54
1196.91
1131.70
1446.76
1351.47
785.61
1464.91
1408.03
1253.42
1147.18
1462.36
515.10
1679.07
1210.45
1588.57
940.84
1920.55
1785.40
1133.16
1568.03
1475.94
1401.08
1405.44
1810.80
724.48
650.07
1005.39
1655.91
1513.64
1600.74
1946.41
1680.85
1606.18
1633.88
1393.14
1255.38
1653.45
1487.72
875.47
1371.27
1062.18
1789.03
1541.70
1634.56
996.08
1487.60
1282.16
907.74
1574.78
1404.62
1278.86
810.48
1739.95
1376.87
1298.11
1084.22
1764.70
526.51
1150.45
909.36
612.23
646.28
1127.72
1115.85
606.29
1701.05
808.23
723.15
853.56
756.10
1761.21
1207.71
1812.06
1885.27
1121.32
864.32
1706.97
1300.12
1536.59
1758.72
1748.42
1331.95
730.88
1180.97
793.49
1250.10
1738.88
1983.97
1064.36
555.69
964.83
1486.32
1507.63
1084.05
1196.43
1388.57
1796.10
1807.14
2065.76
1092.73
1834.72
866.44
987.52
1581.21
2056.97
1535.76
1664.20
1361.95
1911.89
1768.68
1499.16
1702.05
1061.45
556.25
671.70
746.40
1614.26
1919.82
1746.41
1198.78
1137.71
1087.71
1315.77
1536.20
1556.34
769.48
1564.63
1474.19
925.90
1933.88
1331.88
1066.68
1673.40
1072.95
1317.77
1280.68
1919.69
1025.36
1664.84
1569.57
1184.76
1832.39
1927.68
1800.74
1784.22
1227.76
1420.69
908.16
1992.31
1503.62
1638.76
841.66
1470.50
1052.76
627.90
1092.19
1732.37
777.11
1441.45
1524.71
1502.59
1944.24
1236.37
1728.75
1918.78
1951.07
1696.62
1148.91
1295.19
1659.17
1185.27
2042.47
1711.15
897.47
1511.92
1830.02
1660.82
623.69
829.08
1835.54
1586.89
1704.05
2002.36
1180.24
1981.90
1523.62
1852.37
1450.17
1798.38
907.81
1357.42
1399.91
1381.00
981.58
1146.87
1255.98
1667.03
1301.98
1204.49
1210.83
1827.05
1026.84
1397.94
1715.51
1779.04
1660.91
1106.45
758.25
1210.23
652.84
1160.43
1353.51
1067.11
1355.87
1074.04
1379.14
1448.45
1306.01
855.09
1989.72
1299.05
1119.96
1452.86
795.29
1494.37
1094.23
1417.15
1066.78
1573.49
912.74
2092.30
1444.77
1564.47
1774.18
1533.95
1259.61
1841.42
1838.24
1286.87
1406.53
1362.58
1546.90
890.95
1555.38
1631.30
1809.60
1167.16
1128.26
1633.87
956.91
1419.26
948.90
1161.81
1189.01
1255.80
1812.75
978.39
1429.38
1397.90
1466.42
1556.57
1281.02
568.02
1235.61
1871.06
1753.28
981.50
1847.85
1088.08
1229.84
1438.85
1280.54
1555.49
493.05
1220.20
1866.55
1712.98
1239.78
983.92
1841.81
1183.75
1569.19
1877.24
1575.51
1271.91
1228.02
1895.78
1761.61
1659.50
1574.09
1698.24
1182.35
1354.79
1685.68
910.25
1847.21
1503.75
1153.26
1445.04
2015.60
843.60
1450.13
1353.36
1696.39
1610.17
1315.14
1238.09
1107.98
1769.87
1482.56
1328.90
749.70
878.12
1172.54
992.73
1605.34
1739.41
1125.44
1271.74
1459.15
991.32
1458.93
1193.05
1492.15
1713.64
1767.11
703.53
1447.87
1436.78
282.75
1938.97
1142.48
1426.60
1566.40
1529.23
1840.56
889.12
830.52
1535.81
924.73
1708.45
1415.87
1744.92
528.26
1700.50
1220.71
1475.91
1474.87
1124.42
1511.07
1640.39
1287.49
1578.84
1648.65
1494.88
1897.37
1844.82
906.58
1624.99
801.84
1447.84
1815.97
1798.02
944.30
1140.14
1527.01
1280.85
1784.68
1239.70
1542.11
1671.28
1750.38
1952.99
1864.06
1382.81
1429.09
1258.71
1361.03
1351.93
1162.39
1311.50
750.49
561.23
1694.64
1061.33
1859.49
1181.34
1797.59
550.73
1816.21
1379.01
1611.52
1786.89
477.55
1212.55
1707.10
592.56
1424.17
1472.45
1151.39
1711.86
906.43
1849.51
830.35
1397.59
943.98
1292.26
1047.98
1487.91
1484.67
1642.96
1638.86
490.77
1364.31
797.16
1599.18
1303.41
573.55
1620.64
661.28
1115.67
1404.98
1577.17
1755.13
1890.13
1532.87
1596.48
1857.89
1611.58
1247.89
1026.67
848.06
1267.18
1258.07
1358.07
1530.07
1818.69
1257.18
817.99
1653.71
1358.41
1368.94
1379.70
1799.31
1158.59
1415.26
944.59
1308.66
864.30
1036.59
1682.35
903.74
1709.88
1694.37
1134.96
1221.86
1394.15
931.07
1654.27
962.45
1104.27
1639.74
1007.30
1772.90
806.77
469.63
1350.95
1120.13
1840.44
1416.39
1690.05
1017.14
1628.85
1484.70
1454.14
957.32
1290.73
1932.08
1136.26
1665.78
1001.45
1671.90
2089.14
2058.65
1822.56
767.98
726.89
1279.46
1231.38
1230.36
1321.97
1912.07
1535.25
784.33
1366.50
1509.91
1193.12
1326.98
1065.90
1196.03
1300.79
1015.94
929.23
1177.74
1385.90
1061.30
786.40
1272.13
1449.92
1551.24
1574.94
1142.54
1233.04
1618.19
806.21
1363.44
607.26
644.40
1009.19
1006.85
931.37
1028.12
1745.39
1510.05
1583.65
944.97
1456.81
1361.96
1345.01
763.06
1203.71
2079.18
1810.24
1452.79
1472.06
587.15
1624.92
1245.43
1319.58
989.03
1660.98
1576.90
1129.48
1131.67
1212.08
1139.23
1725.80
1944.68
1919.59
1181.83
1552.72
1727.42
1506.27
1151.66
795.81
1651.70
1046.48
1702.97
1207.34
1208.83
1575.75
1514.58
1102.40
1772.66
1306.97
1560.09
932.80
991.84
1949.48
1618.20
1674.93
1834.31
1320.17
1108.84
1774.24
1093.32
1240.71
1357.16
1431.77
1629.44
1727.87
1125.59
730.22
1652.90
1138.31
1524.43
404.28
1408.25
1106.86
1037.62
1681.29
1028.14
1295.05
1432.77
1739.62
1335.01
1791.29
1675.27
1293.72
1406.42
1840.74
1141.56
1591.50
1609.42
1444.07
549.76
1429.30
1097.64
1170.83
1166.08
1697.93
1311.81
767.60
1630.88
1121.69
1382.10
1669.28
858.02
1868.35
1154.70
1835.72
916.03
1596.31
1289.21
2080.51
1512.77
1234.98
1957.74
1650.73
1157.87
727.22
1385.81
1761.66
1244.71
1728.95
1044.05
409.36
1519.81
1142.77
844.97
1309.99
1951.99
768.22
1256.02
1539.65
1529.62
687.52
1573.22
1160.61
1307.19
1445.78
1422.91
979.03
1362.36
1191.46
1330.50
1936.50
1881.05
1329.37
850.00
1034.69
1245.17
1666.19
1605.01
1498.84
1316.30
676.49
1747.25
1217.18
931.00
1225.63
1783.21
1716.52
1585.56
1358.32
1666.76
1034.53
1481.61
1781.11
712.27
1896.97
1510.21
1684.72
715.82
658.15
1165.28
1426.83
1977.72
1140.42
2035.89
1364.96
1123.44
1564.51
784.38
1330.83
2004.47
1633.98
817.27
751.65
834.22
995.52
1044.70
962.41
1499.41
1191.19
1436.60
772.72
939.38
624.04
1702.59
1132.05
1537.67
1313.99
1960.01
1635.61
274.85
1460.54
850.01
862.96
1355.06
1250.52
1343.45
1693.39
1883.47
1800.10
901.21
419.97
1314.42
1472.64
1454.80
1413.44
762.24
1533.47
363.02
556.62
1500.03
1581.36
764.58
551.39
982.38
1186.57
1427.43
991.45
1753.67
482.83
960.50
953.16
1341.71
1598.23
1685.67
1567.64
1446.70
1677.86
1001.79
1831.87
1051.04
1599.32
1167.89
1321.19
1657.55
1142.77
1469.56
1510.86
1153.43
1391.14
1687.30
1793.60
1065.29
1385.87
979.10
1178.45
1271.49
1348.23
1254.36
1307.21
1668.98
1961.60
1619.69
1899.13
449.75
1281.48
1217.25
1959.25
1337.21
1018.24
1303.53
1002.03
1695.65
1855.95
1749.36
1316.64
1757.83
1368.33
2037.22
1462.51
583.88
1031.85
1254.49
893.67
1299.84
1182.22
1207.08
1621.43
1420.49
1732.82
1711.17
676.01
1091.61
1612.34
916.87
1490.95
1301.87
1354.30
586.87
953.85
1191.13
1148.62
1595.90
1286.33
1604.70
1542.05
773.56
1490.78
984.94
1527.98
1203.17
963.74
1418.27
1101.34
1784.46
1952.57
1883.43
1281.99
889.72
1483.90
1407.47
1082.93
1340.86
1350.63
755.76
1470.12
1784.34
1821.59
1417.15
803.08
1257.33
1177.55
822.17
1697.84
875.22
281.78
1055.79
667.51
1416.39
1197.14
1197.76
741.97
1171.20
1565.46
1376.28
833.27
1559.41
1402.08
1109.24
1617.65
1771.49
1332.84
1503.27
467.30
1111.46
1412.05
958.75
1215.07
1038.61
823.03
1912.55
1756.55
1180.85
798.41
1922.28
709.84
1801.56
1327.85
906.64
1376.08
1648.19
689.82
1189.16
460.80
1476.32
1416.78
1934.49
658.71
1706.27
772.46
1489.74
1424.75
1271.39
1833.27
1293.42
1178.13
1623.52
1196.44
932.47
1191.53
1846.40
1723.40
1323.44
1573.69
2024.88
1572.21
1037.90
1203.11
1396.38
1049.25
1239.47
1426.02
1378.16
1462.02
1516.94
1491.33
1778.51
1493.65
1782.61
1643.14
1679.91
964.55
764.92
1198.41
1867.24
593.31
1589.10
1123.73
1234.68
1574.76
1674.88
1809.38
1387.56
1441.48
1608.44
1237.64
1647.06
1582.27
1970.70
584.04
1028.74
1214.45
1626.87
1433.76
1333.87
1830.43
1222.35
721.01
1199.45
1380.92
1466.85
528.62
1481.43
911.41
767.85
1712.81
1309.09
1160.44
618.53
1620.99
1272.17
1931.78
1831.46
1376.52
1375.69
1305.78
1854.98
1353.99
1144.46
1022.51
1170.06
1264.55
903.28
1595.12
1750.76
983.15
1917.88
1585.91
1512.54
1399.92
1108.44
1947.42
1461.02
1929.53
707.55
1313.46
866.49
1392.10
1529.09
1641.11
1435.56
1832.08
1473.51
1009.78
1216.03
1326.67
1288.09
1844.11
1291.32
1086.00
707.93
1612.29
1602.79
1268.54
648.49
1184.05
1236.23
767.27
843.74
1188.21
450.32
1052.43
1142.16
1360.72
601.42
820.10
719.26
1710.05
675.57
758.10
1570.08
1369.76
1494.06
1541.83
1394.02
1406.07
1264.63
1312.70
1312.53
1019.69
1728.06
1555.20
1228.02
820.51
1361.85
1441.19
1042.96
695.58
1153.86
1708.94
1395.81
1017.01
1386.76
1215.91
1780.12
2002.99
1000.06
1315.18
1820.96
746.49
1068.51
1184.45
1390.28
951.03
1030.51
1597.64
1450.92
1562.90
1837.71
1443.54
1637.10
1282.73
1935.33
1607.43
1802.80
1371.24
847.65
1722.60
1421.39
1196.95
1557.56
1097.98
1657.17
1118.67
1408.16
677.55
1412.27
1738.43
745.41
701.87
1296.67
1293.93
1565.41
574.27
664.27
1463.86
1372.33
1781.12
1226.41
2071.12
1780.98
1866.78
1421.68
1232.63
1191.47
963.26
1409.06
1586.89
708.17
1367.78
646.08
1665.12
1729.50
1139.33
1490.69
1087.75
1178.83
1764.87
548.31
1187.30
1045.27
1672.44
1739.25
1125.79
760.42
1035.08
1655.23
191.65
756.08
1499.71
1371.03
1076.10
1399.77
1525.49
754.39
787.94
1412.45
1715.41
1302.22
1502.45
1972.34
1183.78
1722.48
1463.47
1630.75
1539.76
1215.45
1318.73
1837.62
832.45
1723.24
1024.04
1716.98
1232.95
827.60
1395.89
1658.48
1207.09
829.00
1057.27
1777.56
1263.65
1187.53
1176.00
1391.59
1390.21
1652.60
1754.54
591.53
210.87
903.00
1479.98
1779.27
1595.75
1576.61
1200.27
1962.24
1869.42
1752.39
774.09
1785.45
1566.67
1303.71
1705.43
1804.05
1072.63
1835.29
1020.34
1270.22
1224.71
1004.20
1405.48
1168.64
1430.13
1113.47
1627.60
308.20
1752.27
1052.86
1240.61
610.49
873.90
1713.15
1562.07
1866.10
1295.16
1917.77
1170.21
1003.74
1720.25
1604.37
1155.31
813.86
894.53
1560.31
1545.35
1278.59
561.28
1368.98
635.24
958.57
1873.50
1325.36
1384.57
811.61
1294.76
1704.19
1738.14
1134.28
1006.94
1864.65
1418.78
533.90
1943.28
1749.00
1780.10
1817.96
916.64
1030.80
609.53
1687.05
1756.47
1064.36
1443.51
1787.35
520.71
897.70
867.08
1685.76
1227.12
1753.88
1023.68
1397.70
1495.69
1499.56
1871.71
839.92
1724.91
1048.92
1321.76
987.57
1658.31
1316.23
1821.20
1789.45
774.17
1367.07
1218.36
1785.93
1731.47
1293.68
1446.73
977.22
696.38
1241.80
1131.85
1157.77
1230.21
1730.90
1091.61
1448.03
1076.06
1599.88
1173.95
1547.68
1795.86
1347.07
1792.60
1538.29
1732.47
1049.99
1332.22
1258.44
1904.23
1614.85
1183.83
1221.59
1729.28
1488.94
1545.15
1375.35
1665.63
1252.71
1175.04
1371.09
1773.93
871.83
1424.46
869.31
1768.52
1847.68
533.68
1394.97
1990.92
1934.98
1012.91
1183.55
749.61
1074.42
1779.28
1442.13
1310.61
1176.32
921.11
1042.05
1510.43
918.95
1604.09
1215.81
421.94
1269.50
1407.11
1858.96
1393.59
1573.74
1805.25
784.76
1360.84
1637.22
1321.88
1560.05
1445.82
1085.11
1498.84
1343.22
1642.14
1545.58
1253.17
931.15
658.19
1505.28
814.26
1402.45
954.62
1055.78
1187.72
1371.09
1282.85
818.39
1818.59
957.76
2055.51
1058.99
756.43
1658.77
1123.17
1440.76
1996.23
1153.22
2006.46
1812.87
1789.58
1039.21
530.79
1018.80
1343.38
1766.93
680.88
1708.17
1877.45
1107.92
1632.76
911.49
620.75
1226.65
1065.98
156.72
881.00
1404.64
1759.14
1687.69
1979.61
1289.92
1698.31
1480.33
1368.44
1311.14
1451.93
1107.84
1101.45
1186.89
1864.67
1450.66
1693.91
1061.15
1711.13
1491.29
1108.50
1191.06
842.04
1981.59
1074.53
1717.16
1994.25
725.22
1824.90
79.37
1901.25
930.79
1794.34
1753.11
817.77
1680.31
1856.94
1228.31
1372.30
724.06
1127.09
1707.07
1292.46
1157.61
1929.50
861.78
1761.02
1535.76
1335.26
201.59
1813.62
457.73
341.34
1531.38
1265.97
1731.69
1377.74
1461.10
1811.28
1289.84
1331.80
1531.79
1356.27
1232.42
1599.48
756.31
1579.35
1045.38
1160.31
1601.58
1529.41
1789.41
961.18
1121.20
1184.60
1699.48
896.41
683.21
1195.57
1323.35
923.56
1091.93
1517.95
1270.84
1759.10
869.94
1872.27
821.19
1737.53
1877.66
1391.54
941.84
1353.82
1037.24
1815.63
1390.13
747.08
1638.12
919.11
1184.06
568.75
928.23
488.15
1566.22
1942.91
1611.44
1634.48
1184.51
676.77
1411.70
1618.75
1243.15
549.52
1231.44
1358.21
627.00
1012.79
860.40
963.66
1086.74
1701.08
1164.80
653.25
687.14
2000.97
1181.55
1707.04
1976.61
873.19
1179.66
1991.70
1030.08
1156.42
1249.20
1481.27
1389.73
1611.01
948.93
1776.63
1708.92
1365.25
770.07
1984.64
1650.73
1478.20
1746.16
1222.62
1335.65
1888.33
1533.47
1129.58
1459.52
1638.99
1013.69
677.00
1195.05
858.47
933.59
220.65
1273.56
1962.57
1714.65
1282.25
1484.81
1382.59
1517.32
1396.28
1052.54
967.24
764.87
1674.10
1724.18
1308.64
1368.41
749.36
1734.57
1830.35
1548.32
911.86
1191.61
1476.66
2073.76
1120.18
1141.23
1204.70
972.74
1122.40
2002.85
1394.25
1605.54
1411.49
1203.84
1800.18
1100.44
1589.38
1304.32
1462.52
1019.83
1389.68
1200.52
1512.24
1164.42
1418.19
1456.69
1301.42
1130.52
984.17
1612.49
1684.47
1478.94
1122.41
1388.20
1326.16
1007.42
1681.74
670.82
1837.25
916.81
1247.47
688.43
1642.52
818.49
506.51
352.88
1831.64
1431.73
625.04
1260.77
1838.42
1633.33
1214.23
1930.85
1411.38
1582.01
1408.86
1040.52
1752.11
1419.43
631.82
1965.81
1337.64
1359.01
1593.66
1898.67
1392.62
1631.30
1708.27
1084.46
1203.75
1302.37
1189.81
1310.94
969.95
2027.07
1440.15
1248.68
1549.78
1528.15
1245.40
1952.34
1282.91
1072.69
1030.61
1338.97
1646.48
654.89
1573.86
877.03
2055.85
1572.45
1107.82
1617.08
1692.68
1719.53
1538.26
1183.42
1190.45
1602.58
442.00
2141.11
1956.94
2006.21
1451.82
1716.43
1186.15
1263.98
1941.52
322.65
1480.62
1187.86
697.56
2008.32
1475.90
1218.36
1389.24
1487.30
1590.09
1166.46
1429.52
1664.45
1508.39
935.01
1427.64
1102.77
1175.12
645.43
874.93
560.37
1528.50
754.31
1113.63
1009.11
1230.44
1546.38
1687.49
1530.14
1847.36
1272.54
882.73
1590.01
1929.83
544.78
586.18
1263.02
1439.99
1762.57
1480.30
1554.74
770.69
599.83
1767.43
804.67
1587.29
1092.04
2093.95
1369.81
1328.25
1280.23
1311.22
1264.94
1717.65
1978.61
1215.10
1681.36
1120.94
1233.19
1651.83
1296.96
1996.96
1330.69
1477.57
970.63
2043.63
1012.32
887.52
1326.33
1092.71
1526.41
1284.84
1389.40
1619.74
1772.79
1485.29
1439.01
1474.29
1159.41
1218.14
621.54
1607.52
1335.87
2022.06
1897.85
687.48
668.95
1543.51
1948.80
743.26
1874.24
834.43
1177.92
919.70
837.15
1755.07
1476.41
501.53
1872.12
1686.70
1189.58
1129.90
872.26
1450.29
1518.99
1985.96
1425.93
1315.44
1438.87
1363.62
1802.84
1793.67
1519.33
1791.21
440.76
1502.39
1395.70
1810.36
530.43
786.01
1740.40
1706.40
1656.80
1214.05
1220.74
2012.47
1799.05
1373.07
1648.65
1509.42
1167.97
1754.52
1293.29
1404.21
1308.84
760.12
885.10
1772.30
1836.26
1552.70
1875.14
1977.75
2025.36
1567.55
1354.82
923.73
1051.38
1232.16
839.22
1064.80
1420.91
1588.89
872.16
1729.93
1431.61
1678.83
1708.01
1248.22
1485.03
519.87
641.66
667.57
1100.53
1190.74
1611.72
1596.20
1839.99
1283.45
1480.51
1357.59
439.50
965.57
1621.68
1347.22
1395.41
900.83
922.38
1514.07
760.51
1185.51
1379.11
880.81
1376.87
1387.98
1836.74
947.93
960.85
609.81
744.49
1790.35
1556.69
1690.27
1170.21
1601.22
1329.89
1485.19
1992.72
1177.09
1820.56
1619.44
1528.45
1005.68
1130.87
1484.63
309.88
1818.07
1794.21
1453.73
1182.88
1195.14
1371.66
765.44
1554.18
1419.66
1275.63
741.68
1419.68
1750.96
1692.05
668.98
1422.85
1870.13
649.66
1612.95
1734.73
921.74
1126.64
1812.57
1694.20
969.97
1615.80
1245.79
786.33
1043.77
1755.99
1291.12
1122.48
1981.71
1412.15
1020.02
1772.52
1856.94
965.60
835.76
1525.66
917.09
743.38
1510.70
944.17
493.07
1566.11
487.89
1291.71
963.62
1273.61
1584.13
1713.11
1125.33
1131.70
525.31
1095.33
1365.59
1831.08
1251.17
1288.37
1864.83
1609.93
1238.40
1431.13
1266.85
1475.34
422.20
1936.16
1309.43
955.68
752.27
675.09
1884.28
1346.58
942.62
1714.76
1746.21
1334.29
1718.32
1412.48
1061.84
1651.24
1191.25
1616.41
1751.66
1434.81
1906.12
1231.71
1366.83
1104.18
1324.91
1491.93
1656.18
1784.91
1041.98
1744.42
996.32
1371.44
1304.42
1344.71
1400.67
685.81
1220.01
960.54
2064.22
860.91
1547.20
1682.42
1476.71
1892.03
900.61
997.86
1300.72
1470.32
1796.95
887.24
1138.49
1224.63
1117.58
1768.40
1244.86
724.10
946.92
824.33
1259.52
2023.30
1210.38
649.32
1966.03
1766.28
1663.26
2034.71
1857.08
1660.97
1302.66
1364.46
680.45
493.91
1493.48
1731.63
1425.73
1336.02
1940.48
1324.43
1828.76
1325.79
1326.09
901.93
1386.36
1481.10
1255.41
791.03
1607.25
1590.08
1188.94
1980.68
1006.03
1977.76
1880.48
1174.88
983.75
1280.18
1545.14
1732.91
1644.14
905.97
1824.00
1450.08
1730.79
1700.53
1263.48
1931.58
472.89
716.74
1502.16
1000.54
1593.29
1505.61
1825.70
753.58
1269.23
1581.28
658.00
1670.64
1521.14
1333.04
659.27
1642.45
1318.50
1223.48
1230.83
1959.49
1278.36
1137.70
926.16
1098.92
1345.33
1468.31
1485.13
408.98
793.64
1074.29
1007.89
1155.05
1794.70
1532.36
1774.14
1824.29
1676.58
1290.60
1461.36
1110.69
1832.55
1693.96
1375.94
1931.73
2096.49
1668.48
1696.98
1125.01
1546.29
1663.85
1509.97
994.08
1947.06
1611.91
1679.00
1030.51
1597.16
1945.76
1337.83
1795.63
1559.47
1907.75
980.75
1579.62
629.21
1144.93
1644.32
987.98
1185.99
1661.50
1607.60
1831.92
1614.83
1346.32
1028.76
1452.00
2152.45
1566.06
1296.70
1727.40
1279.65
1262.91
1599.54
1339.86
1081.19
1443.11
1429.30
1914.83
1834.82
1860.73
1282.29
835.99
2004.66
1257.62
1530.87
1240.15
1487.44
792.74
1121.24
779.63
1330.79
1220.26
1607.90
914.48
1612.91
1642.71
1451.07
1950.58
1876.17
436.02
1071.90
755.93
1707.91
1792.13
1086.92
1761.84
1825.32
538.85
1185.72
1951.26
1835.81
1543.87
1605.09
564.59
882.33
1204.43
1307.73
1501.80
1299.26
1329.69
1308.72
1159.37
1532.37
825.63
1396.90
1495.74
1821.82
1826.80
1782.05
1115.95
1186.95
960.70
1577.71
818.57
1392.37
1251.62
1660.84
930.58
1832.82
1929.55
998.05
1611.37
933.15
1491.06
1422.99
1227.71
1813.24
1480.46
1605.32
1430.85
1350.73
1341.13
1135.95
1543.68
1463.28
1738.85
1454.76
997.92
984.71
1512.62
1141.01
1822.54
882.38
702.01
1499.55
1121.17
978.67
738.61
1149.63
1070.17
619.89
773.48
414.29
874.94
1969.23
650.33
1661.84
1789.34
1739.08
1378.92
1814.33
1853.21
1014.26
1063.79
1854.23
1426.74
1737.86
874.13
1636.64
1577.63
901.05
1041.59
1123.16
1663.45
1347.36
1428.23
1183.93
1809.45
879.22
701.67
1315.32
1416.74
1132.80
970.37
898.71
950.34
1107.48
784.44
1095.61
385.13
1313.33
1296.45
1141.59
1794.24
841.84
1847.37
1322.85
1673.89
1849.10
1838.58
1303.15
1739.85
1408.99
1566.85
854.23
1470.37
904.68
1832.68
638.42
1226.25
1384.60
1333.69
1789.05
1287.23
1133.30
1494.96
1328.29
2097.29
1617.57
1124.66
1806.54
1462.21
833.09
1622.93
1228.68
1900.35
699.14
298.72
1069.15
749.27
1690.83
1709.65
899.78
1194.36
1471.93
1155.99
1232.35
1341.44
1703.74
1530.00
2066.55
1075.78
1145.66
904.21
1846.49
1425.52
1213.39
885.00
1839.98
1229.67
771.53
1898.81
1478.75
1026.78
1609.85
1680.42
1564.37
1970.63
1282.46
1428.90
1206.47
1307.10
1519.24
1474.14
1755.23
1282.35
1159.70
1433.50
1862.60
1701.80
2032.67
1957.98
841.51
1116.77
1411.13
1254.66
895.58
910.79
669.08
1875.66
881.52
1459.73
1908.04
904.98
1147.68
1586.82
1352.75
490.28
879.13
1715.27
1495.47
495.02
722.18
1956.59
1620.48
1406.88
1785.28
1131.28
645.46
1908.62
1363.52
1296.86
1954.45
1250.15
1893.12
854.52
1683.69
1301.77
1435.93
1495.45
1125.50
1574.94
916.21
1819.74
1788.10
1295.69
1678.72
1563.26
1545.40
936.40
783.72
1258.74
1761.80
1830.22
1071.98
1770.17
1388.97
959.38
1513.42
1523.80
1133.47
955.16
1859.42
1978.88
1118.48
1139.09
1053.81
1396.03
1960.56
848.09
1598.76
1571.57
1745.37
1110.93
1953.15
872.49
1370.19
951.23
1454.15
1519.99
677.51
937.04
1637.21
835.85
1927.07
1389.91
1622.32
1632.06
1114.86
1353.05
966.73
2004.24
1331.11
1547.50
1308.58
623.84
1935.34
1636.75
1109.92
876.43
1033.02
1898.06
1301.20
1472.06
1832.70
1086.70
1091.18
1803.35
1413.58
1257.80
1563.29
931.93
1500.26
1208.20
1468.66
1380.84
873.28
966.97
1683.51
555.63
1550.55
1688.02
1208.47
1390.11
1291.70
2045.97
1632.22
1304.55
1699.74
333.89
745.57
1244.23
1337.36
1602.44
640.28
904.42
1483.62
1500.50
1832.33
1265.16
1861.55
1693.89
1359.51
1433.09
1922.07
1478.13
1263.99
1162.58
1159.14
2021.97
1570.99
1365.37
1516.91
1715.67
1206.42
905.70
1525.43
1660.48
1197.92
1163.77
1365.29
1591.41
1195.60
1148.95
837.03
1692.13
1756.06
1596.20
1441.53
2049.99
1350.84
1792.45
775.45
1234.98
941.60
1182.06
1495.70
1179.01
1130.89
1162.38
787.62
1775.77
860.91
882.77
1745.72
848.21
1223.98
1401.13
842.07
1554.84
1548.24
1537.87
1308.12
1204.19
703.59
1230.41
633.95
1999.39
1407.28
1206.97
1588.52
427.70
1380.55
1033.11
1096.42
1547.21
1896.80
1018.83
1365.82
1143.47
1836.76
1722.89
1318.88
1611.33
1041.06
2006.88
1645.80
1499.08
1511.05
1406.95
963.04
1332.94
1125.33
1088.71
2127.73
1683.00
1813.90
1595.62
1306.67
1021.30
1097.94
1848.51
1582.91
1556.35
571.21
1053.53
1730.15
1028.87
1513.20
1401.91
1887.50
263.84
1545.30
2015.58
1998.19
962.04
1450.79
1444.06
1793.45
1863.14
1942.23
1507.79
1483.91
656.33
1529.63
1132.19
1116.94
1588.87
163.17
1749.71
864.28
1005.50
1550.47
861.19
1731.32
1531.02
1840.52
1813.13
1069.86
1878.18
1261.92
1857.66
939.85
800.50
1512.55
1648.67
1519.19
810.04
1791.01
1920.66
570.16
1132.09
919.59
1716.54
1915.70
1585.24
1841.55
1764.04
1183.21
617.00
588.89
1377.96
1957.58
1645.17
1617.73
928.36
1563.12
1081.67
1916.34
836.92
1208.78
1701.77
1842.07
864.80
1734.62
1581.42
1251.15
1494.62
991.99
1206.08
1063.79
1856.62
939.59
1305.01
1908.87
1448.24
726.64
1546.01
1342.20
1334.69
1582.91
1937.39
1452.35
671.34
1690.92
1393.52
1699.82
993.05
1122.58
1380.76
1277.99
834.32
1081.55
1809.38
1609.46
972.21
1362.38
1204.53
1092.69
1013.03
1930.65
1681.26
1220.95
1608.48
1470.60
1863.66
1550.97
1779.28
1929.96
1480.98
1697.49
1509.35
1285.02
1393.10
1844.96
1967.35
1499.77
1760.46
1557.04
723.01
1707.10
739.06
1238.39
1792.88
1423.51
1178.26
640.70
1329.43
1585.24
1714.12
1658.22
1828.62
1673.27
1148.74
1513.25
662.27
1228.78
1366.12
1157.37
1339.81
965.40
1610.88
1586.71
1534.52
743.25
1101.08
1084.22
982.25
1549.61
1546.38
1204.42
1457.85
1676.77
1401.63
1072.49
874.76
1350.35
1156.22
1862.85
732.08
1039.04
1476.22
659.00
1655.22
1223.78
1196.79
1224.38
1773.70
1498.49
2060.74
1877.72
866.27
1698.06
977.89
767.73
1630.70
1193.54
1681.46
1963.14
1164.86
1077.62
1623.42
361.83
1760.35
1147.16
1557.45
1619.02
1260.29
1221.37
1663.35
1006.10
1511.76
1709.41
746.01
1465.12
701.88
917.18
1720.09
1324.37
1439.16
1693.53
1413.99
1132.78
1616.28
1574.88
1248.53
1517.72
1061.39
1229.13
793.89
1603.43
1782.71
896.75
882.07
966.87
1629.43
2035.27
1120.51
1977.32
1608.22
1278.24
1790.29
953.69
1899.22
1258.96
944.21
1089.97
1151.60
1517.55
763.89
1140.52
1879.99
1405.28
1278.55
1426.53
2011.04
1401.49
1302.84
1213.02
941.25
1099.30
1297.72
920.55
1860.28
1322.58
1305.34
904.59
847.68
1919.09
1306.56
952.68
1158.92
2039.39
1949.19
1048.75
1325.94
1593.04
832.23
385.11
1729.69
1106.19
810.55
1235.40
1086.53
1605.80
1683.73
1045.07
1820.63
1662.19
1055.36
1063.79
1181.85
1113.69
1130.31
1587.11
880.21
903.90
698.93
1525.21
1850.61
1855.56
1368.37
1875.01
805.21
1489.78
1587.32
882.49
831.46
1608.42
791.02
1552.55
1560.43
1736.11
1348.25
903.40
1182.17
1748.51
1084.05
1162.07
1068.13
1133.87
1098.95
1249.68
1216.73
1501.50
1367.61
1060.60
1442.12
1947.87
1424.63
1638.88
247.40
366.70
1585.21
1657.05
1050.11
1723.54
1148.17
1486.37
654.40
1477.45
865.54
1996.68
891.11
1464.69
1031.72
646.57
1870.14
754.17
705.32
1256.48
1411.22
1457.65
743.94
1818.11
1109.70
588.39
1796.83
1860.16
1480.98
1504.05
1330.98
1935.03
990.71
1621.23
1244.61
1030.54
1238.39
1147.59
1290.11
1291.78
1165.33
1218.66
713.01
840.28
1269.92
1412.21
1621.35
1903.69
1461.41
791.82
1410.36
1046.27
1143.48
1343.19
767.94
1127.59
1722.33
1099.03
1421.63
1631.98
646.75
1177.23
1741.58
993.54
1680.19
951.86
1005.64
1665.88
1529.08
1530.84
1553.69
1778.48
1024.68
216.04
1917.06
1507.25
1492.20
1117.67
1351.86
1478.74
1860.23
1336.19
1917.52
1234.27
1611.68
740.94
1765.21
1312.81
1051.98
1701.71
1919.61
1421.78
1348.42
1714.39
1785.23
717.69
1387.10
989.53
881.87
956.87
1692.00
1887.00
1282.52
434.46
1363.35
876.03
1561.20
1524.52
1167.12
1275.66
1431.82
1276.71
1208.14
1879.26
1567.24
1248.46
696.79
1534.66
1391.35
1139.62
819.51
1127.51
1264.28
1762.82
1172.24
1591.01
1423.33
1972.20
1464.46
1367.62
1868.79
1019.73
1823.87
1325.43
1209.85
1526.58
1628.78
1445.71
864.17
1514.23
1083.42
707.92
1872.46
1304.66
1798.18
1001.50
1258.49
1049.02
1940.81
1282.28
1996.85
1408.37
1653.81
1780.65
742.03
1293.46
888.37
1276.81
1230.37
1284.66
690.28
1684.12
1641.01
1371.63
1261.07
1267.21
1557.12
1996.29
1561.36
716.62
814.22
921.47
1374.11
1014.89
1263.31
1329.17
1003.81
227.39
1423.66
1792.65
1081.37
1324.13
922.11
1726.44
1440.62
1443.80
595.96
1949.86
1321.62
1715.02
1421.62
1336.54
1746.99
1237.19
1510.09
1857.20
398.97
926.64
353.57
1623.29
1071.91
982.80
1897.48
1473.78
1156.31
1222.40
1224.96
1956.13
1796.29
285.79
1660.98
1142.08
2053.19
790.90
1632.65
1565.72
1813.37
1338.15
1640.68
814.67
1245.68
774.36
1582.68
1402.10
1065.36
1052.16
1328.00
1588.20
1643.07
300.82
1430.83
1437.23
1542.01
1118.66
782.31
1230.26
1463.29
1399.54
1298.19
1058.17
1445.49
1203.22
1018.64
1572.03
1186.45
1295.58
1172.42
1043.13
1590.16
1803.86
1061.93
1167.88
513.71
1593.90
1162.76
798.67
1392.77
1153.44
1805.31
1739.58
943.20
1649.96
1118.41
1814.10
928.26
1365.67
966.09
753.72
1495.12
1546.54
1402.70
2060.49
1254.76
761.13
1069.19
1618.90
657.04
1594.45
1511.73
1272.83
1868.88
2051.60
812.35
880.94
992.33
1622.23
1577.20
1037.11
912.45
760.18
1889.78
1574.17
1480.70
1542.76
1165.84
1972.45
1523.04
1310.30
1003.66
1419.90
1332.80
1403.84
761.42
1212.63
1474.46
846.94
1580.65
1250.34
929.80
1348.39
1069.39
1365.24
1068.40
1576.49
1890.55
1657.86
896.07
1958.28
1175.90
1309.86
1268.99
1572.08
1510.64
978.29
1521.74
1179.71
1585.91
844.45
1059.78
1719.80
1635.99
1645.19
1643.22
1955.25
1742.00
1463.17
1522.00
1219.38
1261.21
1711.40
1367.30
1368.29
1096.01
1345.11
1240.45
954.14
997.77
1706.44
946.77
1831.37
1811.24
1883.80
1435.22
1128.19
1156.67
2129.28
343.24
1026.59
982.87
1560.89
1238.29
1225.96
1404.18
1035.06
770.34
968.23
1502.07
1941.15
1410.85
1870.25
1515.20
1745.09
1589.54
1541.06
1145.27
1775.27
541.16
1161.34
1437.20
1087.98
976.47
1655.08
1320.65
1165.05
1390.13
1635.74
1274.82
1505.41
1683.08
1143.04
1429.48
1841.36
1560.33
746.22
828.68
1356.68
829.38
1311.56
575.22
1039.47
1271.19
1663.59
1040.34
989.11
789.33
1723.53
1327.67
847.67
1076.01
1742.86
1229.91
1605.89
1712.15
1679.40
978.51
643.14
1714.34
1170.73
864.04
1549.93
1971.62
878.17
1955.68
1250.79
1564.83
1260.14
1192.32
1241.99
890.51
1248.80
1756.50
987.30
1023.36
2024.77
1316.51
979.80
1504.84
1405.86
1933.15
1385.75
910.58
1232.13
1509.75
1221.74
1077.17
1317.61
564.34
481.57
1734.52
1487.68
945.84
918.70
1339.59
943.80
1399.73
1434.20
933.74
1517.31
1704.24
1361.84
1235.01
1440.69
1261.10
1079.38
1619.45
1830.03
1691.22
1456.08
1526.56
1226.69
1726.82
1416.86
1685.97
1300.42
1117.62
1703.76
1426.30
1214.63
1613.72
869.02
1384.50
1211.25
1309.61
1031.09
1875.26
1437.21
1204.76
1577.00
1051.08
1300.45
930.36
997.28
1309.49
1046.63
1310.10
1068.46
1076.47
1160.27
652.39
1099.95
1283.14
1357.14
1690.47
1329.07
1482.65
865.13
1777.94
760.07
1245.81
955.98
969.26
1521.14
1544.42
1815.76
931.89
1653.65
864.49
1008.94
1999.36
1271.45
1556.36
1313.16
1195.63
992.20
1822.21
1638.83
887.64
1523.91
1969.04
1835.46
1333.13
1441.17
1021.33
1510.69
909.77
1201.90
1139.34
958.24
549.85
1821.80
1748.54
838.79
1145.84
1510.98
945.64
1481.61
1826.59
1052.85
787.87
1583.38
1356.11
870.97
618.05
631.39
1486.18
1681.39
1371.52
1698.35
888.04
1815.82
1248.91
1183.21
1601.04
1887.08
1537.09
1397.51
1386.29
1151.43
1001.53
1216.07
1440.12
1657.82
1684.84
1065.38
1658.74
1705.75
1639.20
1933.46
1768.83
1321.12
1039.76
2039.71
1855.05
1028.73
1155.85
796.52
1711.51
1251.44
1669.37
1869.14
1453.58
1329.59
1031.87
1487.67
1333.68
1017.18
913.35
1395.88
893.54
1528.83
1122.72
1493.34
1029.36
864.31
986.51
1433.18
1584.07
1440.23
1482.49
1295.94
1708.15
1547.99
1353.67
1641.36
1704.36
1249.92
1904.92
1701.10
1658.78
661.09
735.23
1940.59
1329.61
1039.40
1413.69
1365.27
1543.15
1704.62
1334.27
1640.19
1633.30
1434.07
1884.02
1543.84
1597.12
1236.24
1140.61
1531.90
1075.57
1103.07
1229.93
1101.36
945.02
1175.06
1493.75
972.48
1764.83
1784.15
561.28
814.72
1636.04
1136.62
1146.66
1365.49
1368.53
895.95
1009.18
1690.33
1294.31
1095.98
1695.11
1057.51
1709.84
1320.75
1721.81
1361.17
1122.95
1578.97
1861.76
1785.59
1225.78
612.12
796.01
1729.94
859.83
1056.69
1607.01
942.02
1762.81
1578.90
1347.41
1970.93
1700.08
1237.09
1299.13
1542.89
1159.70
930.46
780.59
909.56
1833.73
1782.79
745.36
1551.46
1231.81
1665.05
1273.47
1813.90
2020.29
1557.80
1119.99
1966.13
960.73
730.96
584.63
1412.85
1132.18
964.34
1238.32
1390.61
1901.35
1532.69
1750.52
1169.21
1403.00
1337.72
1306.68
1763.84
1891.76
1030.69
1123.39
1468.30
1461.16
1409.35
1497.90
1707.91
1588.80
1439.34
1405.68
1492.60
433.03
1312.00
1516.36
1234.61
1130.36
686.28
1447.43
1537.86
1261.92
697.75
1372.26
1141.26
1721.11
1182.62
1774.58
1059.18
1442.94
1946.06
1550.64
1173.70
1698.00
1235.60
1410.31
561.99
821.25
1957.20
992.60
1613.91
1167.95
1427.48
404.81
1358.44
1375.11
1117.91
2080.33
1888.61
429.58
1384.31
405.35
1553.09
1235.81
1709.52
938.26
1831.62
1829.94
509.28
164.45
1163.87
1282.80
1416.73
1562.71
961.55
1352.24
1102.02
1581.48
1142.26
1076.39
821.32
1072.81
1619.55
1717.33
917.47
1308.22
1239.74
1497.27
715.49
986.66
1359.31
1300.52
1313.62
1232.52
1174.47
1333.56
747.53
1384.38
1404.15
1640.68
1575.14
1630.11
1363.44
979.13
1852.65
779.17
1207.14
1400.96
1461.13
880.29
1059.37
1271.11
1126.46
1143.43
1247.29
1872.81
1935.62
1797.45
1010.31
1598.27
797.40
1325.57
1891.92
1369.20
1389.09
996.47
1120.98
1419.93
1562.90
1276.77
1723.36
1689.25
789.25
1505.82
1627.47
1905.82
736.43
1177.65
979.95
1162.71
1944.27
1186.39
1706.95
1143.51
765.66
887.91
1374.92
1195.37
1412.19
696.94
647.13
1321.36
1174.51
1580.84
1840.60
1182.00
1325.92
912.98
776.73
1514.50
1340.60
1000.93
1322.34
1760.26
1220.98
1499.00
1357.26
996.53
1577.97
1166.19
1508.01
1370.13
1436.68
532.14
686.28
1534.62
857.74
698.23
1056.93
1544.12
884.29
1124.23
1750.60
789.12
1364.52
1369.76
1390.74
1213.06
1309.70
1447.93
1564.00
1500.06
1230.27
2025.29
1280.96
1363.44
2046.95
1130.36
1646.72
1321.35
1687.13
1239.33
1004.41
1238.42
1191.79
1853.17
1902.05
1769.11
1589.60
1510.23
1490.72
1591.12
1354.87
1492.03
1054.38
966.75
1440.80
2048.07
1826.68
1878.13
1009.09
719.91
1392.44
1297.56
1729.20
1663.45
576.48
1304.85
631.85
1299.96
1776.76
1216.92
1474.97
1348.46
1117.18
1465.88
1061.86
1559.42
1064.37
1093.87
2046.06
1347.61
645.99
873.86
1434.55
874.32
1573.00
1156.07
1229.64
1500.54
702.95
625.33
2001.72
1272.78
1467.08
1853.74
1558.71
1472.36
1686.22
1200.59
937.29
1259.57
1233.33
1391.36
720.72
1827.23
1651.42
955.32
549.67
1127.80
1197.22
1294.09
1538.04
1468.50
1030.37
759.47
983.39
726.82
1705.38
1621.15
704.01
1897.97
1529.03
1770.54
1119.19
1014.37
734.59
1387.44
1732.99
1904.72
442.53
1783.09
1673.89
1760.31
1270.99
1617.66
1391.64
691.76
1698.36
1662.86
1319.56
1846.57
621.36
1072.64
1387.80
545.09
1846.98
1297.73
1137.05
1453.89
1367.39
1042.58
1277.93
2072.03
1638.03
584.53
1301.36
1025.23
1504.85
1231.44
1302.25
1368.27
1336.17
1286.18
1932.76
1339.71
1325.35
1546.49
2037.21
1286.87
1346.31
1540.75
1261.73
776.47
1506.81
723.87
1259.01
782.88
1373.18
1318.06
1236.42
1083.53
781.31
1286.93
1943.21
989.16
1879.90
1410.16
1478.60
1239.73
1309.55
1979.16
1358.91
1265.27
1047.45
1367.52
795.70
1667.99
1354.21
1761.04
1577.76
1606.96
821.02
1434.08
1674.26
1855.91
1016.17
1517.57
1307.84
754.60
1791.07
1479.64
1857.51
1439.29
1644.67
1367.22
1692.92
393.87
913.07
1027.72
1119.54
950.46
1842.66
1274.30
1030.59
1359.99
1584.58
1022.90
132.71
958.40
1497.23
1751.08
1917.95
1815.76
1475.05
1449.41
781.01
1277.16
1103.09
1572.21
1353.28
1016.85
1115.34
1502.74
1514.11
675.91
990.92
1626.22
1567.54
1382.38
1677.92
1563.58
1919.80
1728.87
1146.35
1830.78
1451.96
968.81
517.54
1090.03
599.23
1781.06
1560.15
1705.18
1038.95
1504.23
927.76
765.04
733.93
1802.41
1799.37
1394.50
1796.04
1522.00
1273.84
1528.13
1251.10
1385.92
903.21
1644.73
1010.74
1332.15
1081.97
1581.02
1727.49
1303.56
1644.80
877.49
1854.73
1130.66
1086.68
1555.70
1224.69
1312.65
1406.36
1358.80
1160.55
1240.83
2004.35
1600.28
967.15
1605.81
946.96
1712.92
829.64
1763.75
1693.05
622.83
1175.48
1122.96
268.55
1048.56
1498.55
1012.23
1479.88
1130.17
1218.83
1657.02
1866.40
786.46
1550.48
722.88
1574.72
1013.33
1346.06
1876.90
1862.62
1427.30
1170.89
1545.10
1907.07
1393.21
1683.43
1315.80
1461.93
983.87
1658.67
429.85
746.25
1052.55
971.52
1820.75
720.44
1434.56
1873.56
1315.11
1450.20
443.22
1165.38
1164.34
1091.12
848.25
855.13
1217.18
1530.75
2050.11
1502.17
1814.22
1007.51
1297.59
1686.24
1562.26
1509.53
1940.98
1108.48
1236.34
966.55
1389.60
2035.99
1363.53
1456.26
1294.21
1539.54
1041.63
1202.53
1039.49
1811.92
1270.59
1595.25
1230.88
1710.68
1871.43
1369.21
204.46
1433.14
1653.72
1383.12
807.74
1529.59
1073.08
1621.91
885.02
2002.77
1262.01
1315.37
1498.74
1856.51
1648.77
785.86
1708.00
1565.46
1168.08
394.87
1367.67
1450.69
1173.24
1468.37
1901.03
911.64
631.01
760.16
1822.21
944.31
